223.829 87.2252  -32640 -1252
-4247.53 908.729  -64.3248 281.249
-64.3248 281.249  -4247.53 908.729
-4247.53 908.729  109.26 522.413
109.26 522.413  -4247.53 908.729
-4247.53 908.729  -334720 42908
112.523 511.459  103.631 333.611
103.631 333.611  112.523 511.459
-64.3248 281.249  223.829 87.2252
223.829 87.2252  -64.3248 281.249
103.631 333.611  -64.3248 281.249
-64.3248 281.249  103.631 333.611
146.742 449.864  122.833 335.097
122.833 335.097  146.742 449.864
112.523 511.459  146.742 449.864
146.742 449.864  112.523 511.459
205.115 399.83  146.742 449.864
146.742 449.864  205.115 399.83
122.833 335.097  103.631 333.611
103.631 333.611  122.833 335.097
109.26 522.413  112.523 511.459
112.523 511.459  109.26 522.413
160.763 332.537  122.833 335.097
122.833 335.097  160.763 332.537
248.902 583.057  109.26 522.413
109.26 522.413  248.902 583.057
205.115 399.83  160.763 332.537
160.763 332.537  205.115 399.83
282.163 218.075  160.763 332.537
160.763 332.537  282.163 218.075
207.063 401.044  321.755 308.198
321.755 308.198  207.063 401.044
207.063 401.044  205.115 399.83
205.115 399.83  207.063 401.044
218.083 412.524  207.063 401.044
207.063 401.044  218.083 412.524
248.902 583.057  218.083 412.524
218.083 412.524  248.902 583.057
316.316 398.736  218.083 412.524
218.083 412.524  316.316 398.736
272.128 602.494  316.316 398.736
316.316 398.736  272.128 602.494
351.504 356.042  316.316 398.736
316.316 398.736  351.504 356.042
272.128 602.494  248.902 583.057
248.902 583.057  272.128 602.494
281.317 59.1964  223.829 87.2252
223.829 87.2252  281.317 59.1964
321.755 308.198  282.163 218.075
282.163 218.075  321.755 308.198
351.504 356.042  321.755 308.198
321.755 308.198  351.504 356.042
296.261 85.8431  282.163 218.075
282.163 218.075  296.261 85.8431
299.661 641.233  272.128 602.494
272.128 602.494  299.661 641.233
444.623 391.232  351.504 356.042
351.504 356.042  444.623 391.232
299.661 641.233  -10880 248988
426.483 543.265  299.661 641.233
299.661 641.233  426.483 543.265
281.317 59.1964  -7040 -303972
296.261 85.8431  281.317 59.1964
281.317 59.1964  296.261 85.8431
343.917 106.804  296.261 85.8431
296.261 85.8431  343.917 106.804
426.483 543.265  444.623 391.232
444.623 391.232  426.483 543.265
357.824 103.824  591.499 31.9235
591.499 31.9235  357.824 103.824
533.1 317.387  395.677 139.818
395.677 139.818  533.1 317.387
357.824 103.824  594.231 72.3025
594.231 72.3025  357.824 103.824
343.917 106.804  357.824 103.824
357.824 103.824  343.917 106.804
395.677 139.818  343.917 106.804
343.917 106.804  395.677 139.818
588.967 145.858  395.677 139.818
395.677 139.818  588.967 145.858
510.519 558.271  426.483 543.265
426.483 543.265  510.519 558.271
516.884 349.673  444.623 391.232
444.623 391.232  516.884 349.673
640.225 1098.36  532.351 591.35
532.351 591.35  640.225 1098.36
532.351 591.35  510.519 558.271
510.519 558.271  532.351 591.35
617.602 484.783  510.519 558.271
510.519 558.271  617.602 484.783
698.643 613.04  532.351 591.35
532.351 591.35  698.643 613.04
559.313 303.494  588.967 145.858
588.967 145.858  559.313 303.494
617.602 484.783  516.884 349.673
516.884 349.673  617.602 484.783
533.1 317.387  516.884 349.673
516.884 349.673  533.1 317.387
559.313 303.494  533.1 317.387
533.1 317.387  559.313 303.494
594.231 72.3025  591.499 31.9235
591.499 31.9235  594.231 72.3025
608.004 117.859  594.231 72.3025
594.231 72.3025  608.004 117.859
696.559 -839.462  591.499 31.9235
591.499 31.9235  696.559 -839.462
603.104 133.812  588.967 145.858
588.967 145.858  603.104 133.812
622.1 301.76  559.313 303.494
559.313 303.494  622.1 301.76
715.499 224.72  603.104 133.812
603.104 133.812  715.499 224.72
608.004 117.859  603.104 133.812
603.104 133.812  608.004 117.859
749.015 78.5075  608.004 117.859
608.004 117.859  749.015 78.5075
708.777 440.442  622.1 301.76
622.1 301.76  708.777 440.442
695.255 501.664  617.602 484.783
617.602 484.783  695.255 501.664
713.646 256.96  622.1 301.76
622.1 301.76  713.646 256.96
708.777 440.442  797.831 324.437
797.831 324.437  708.777 440.442
695.255 501.664  708.777 440.442
708.777 440.442  695.255 501.664
715.499 224.72  779.7 126.772
779.7 126.772  715.499 224.72
713.646 256.96  715.499 224.72
715.499 224.72  713.646 256.96
640.225 1098.36  698.643 613.04
698.643 613.04  640.225 1098.36
723.532 540.449  698.643 613.04
698.643 613.04  723.532 540.449
797.831 324.437  713.646 256.96
713.646 256.96  797.831 324.437
723.532 540.449  695.255 501.664
695.255 501.664  723.532 540.449
749.015 78.5075  696.559 -839.462
696.559 -839.462  749.015 78.5075
761.874 539.229  878.72 326.782
878.72 326.782  761.874 539.229
779.7 126.772  749.015 78.5075
749.015 78.5075  779.7 126.772
761.874 539.229  723.532 540.449
723.532 540.449  761.874 539.229
855.19 140.656  753.607 -3414.76
753.607 -3414.76  855.19 140.656
855.19 140.656  779.7 126.772
779.7 126.772  855.19 140.656
851.019 554.087  761.874 539.229
761.874 539.229  851.019 554.087
878.72 326.782  797.831 324.437
797.831 324.437  878.72 326.782
872.036 147.105  855.19 140.656
855.19 140.656  872.036 147.105
851.019 554.087  934.851 455.314
934.851 455.314  851.019 554.087
917.777 658.698  851.019 554.087
851.019 554.087  917.777 658.698
899.614 255.448  872.036 147.105
872.036 147.105  899.614 255.448
1051.54 14.8387  872.036 147.105
872.036 147.105  1051.54 14.8387
881.713 326.337  899.614 255.448
899.614 255.448  881.713 326.337
1000.43 219.287  899.614 255.448
899.614 255.448  1000.43 219.287
934.851 455.314  891.93 335.698
891.93 335.698  934.851 455.314
881.713 326.337  878.72 326.782
878.72 326.782  881.713 326.337
891.93 335.698  881.713 326.337
881.713 326.337  891.93 335.698
917.777 658.698  1006.99 551.991
1006.99 551.991  917.777 658.698
1158.03 322.168  891.93 335.698
891.93 335.698  1158.03 322.168
917.777 658.698  29440 136988
1014.78 480.477  934.851 455.314
934.851 455.314  1014.78 480.477
1000.43 219.287  1051.54 14.8387
1051.54 14.8387  1000.43 219.287
1158.03 322.168  1000.43 219.287
1000.43 219.287  1158.03 322.168
1006.99 551.991  25600 26268
1014.78 480.477  1006.99 551.991
1006.99 551.991  1014.78 480.477
1389.62 372.142  1014.78 480.477
1014.78 480.477  1389.62 372.142
640.225 1098.36  -3840 199068
1051.54 14.8387  97920 -113252
1389.62 372.142  1158.03 322.168
1158.03 322.168  1389.62 372.142
753.607 -3414.76  696.559 -839.462
696.559 -839.462  753.607 -3414.76
1389.62 372.142  232320 -5092
753.607 -3414.76  3840 -223972
